total node was: 287
total edge was: 2415
0.0506620209059
0.0529616724739
0.23393728223
0.298048780488
0.342926829268
0.341672473868
0.348571428571
0.355191637631
0.366968641115
0.362369337979
0.373449477352
0.366271777003
0.375609756098
0.368710801394
0.374285714286
0.38850174216
0.386620209059
0.380766550523
0.388989547038
0.391986062718
Seednode was: node_401, node_275, node_224, node_392, node_36, node_484, node_264, node_169, node_419, node_213, node_402, node_34, node_389, node_306, node_299, node_72, node_333, node_340, node_177, node_293, node_102, Histogram: 0 ,48 ,29 ,24 ,26 ,19 ,6 ,4 ,0 ,2 ,2 ,2 ,4 ,9 ,7 ,5 ,10 ,14 ,7 ,8 ,8 ,4 ,2 ,1 ,0 ,0 ,0 ,0 ,0 ,0 ,0 ,0 ,0 ,0 ,0 ,0 ,0 ,0 ,0 ,0 ,0 ,1 ,0 ,0 ,2 ,1 ,3 ,0 ,3 ,4 ,7 ,2 ,3 ,2 ,2 ,3 ,1 ,1 ,1 ,0 ,0 ,0 ,0 ,0 ,0 ,0 ,0 ,0 ,0 ,0 ,0 ,0 ,0 ,0 ,0 ,0 ,0 ,0 ,0 ,0 ,0 ,0 ,0 ,0 ,0 ,0 ,0 ,0 ,0 ,0 ,0 ,0 ,0 ,0 ,0 ,0 ,0 ,0 ,0 ,0 ,0 ,0 ,2 ,0 ,0 ,0 ,0 ,0 ,0 ,0 ,0 ,1 ,1 ,1 ,1 ,1 ,1 ,0 ,0 ,0 ,0 ,0 ,0 ,0 ,1 ,0 ,0 ,0 ,0 ,0 ,0 ,0 ,0 ,0 ,0 ,0 ,0 ,0 ,0 ,0 ,0 ,0 ,0 ,0 ,0 ,0 ,0 ,0 ,0 ,0 ,0 ,0 ,0 ,0 ,0 ,0 ,0 ,0 ,0 ,0 ,0 ,0 ,0 ,0 ,0 ,0 ,0 ,0 ,0 ,0 ,0 ,0 ,0 ,0 ,0 ,0 ,0 ,0 ,0 ,0 ,0 ,0 ,0 ,0 ,0 ,1 ,