total node was: 287total edge was: 24150.279790940767
0.340069686411
0.340975609756
0.341324041812
0.339930313589
0.341463414634
0.345156794425
0.348780487805
0.345644599303
0.345365853659
0.350871080139
0.341881533101
0.354912891986
0.349337979094
0.359442508711
0.355818815331
0.357909407666
0.364320557491
0.354285714286
0.353658536585
Seednode was: node_11, node_14, node_15, node_18, node_19, node_13, node_7, node_3, node_1, node_12, node_9, node_2, node_5, node_16, node_8, node_0, node_17, node_4, node_10, node_20, node_6, Histogram: 0 ,48 ,29 ,24 ,26 ,19 ,6 ,4 ,0 ,2 ,2 ,2 ,4 ,9 ,7 ,5 ,10 ,14 ,7 ,8 ,8 ,4 ,2 ,1 ,0 ,0 ,0 ,0 ,0 ,0 ,0 ,0 ,0 ,0 ,0 ,0 ,0 ,0 ,0 ,0 ,0 ,1 ,0 ,0 ,2 ,1 ,3 ,0 ,3 ,4 ,7 ,2 ,3 ,2 ,2 ,3 ,1 ,1 ,1 ,0 ,0 ,0 ,0 ,0 ,0 ,0 ,0 ,0 ,0 ,0 ,0 ,0 ,0 ,0 ,0 ,0 ,0 ,0 ,0 ,0 ,0 ,0 ,0 ,0 ,0 ,0 ,0 ,0 ,0 ,0 ,0 ,0 ,0 ,0 ,0 ,0 ,0 ,0 ,0 ,0 ,0 ,0 ,2 ,0 ,0 ,0 ,0 ,0 ,0 ,0 ,0 ,1 ,1 ,1 ,1 ,1 ,1 ,0 ,0 ,0 ,0 ,0 ,0 ,0 ,1 ,0 ,0 ,0 ,0 ,0 ,0 ,0 ,0 ,0 ,0 ,0 ,0 ,0 ,0 ,0 ,0 ,0 ,0 ,0 ,0 ,0 ,0 ,0 ,0 ,0 ,0 ,0 ,0 ,0 ,0 ,0 ,0 ,0 ,0 ,0 ,0 ,0 ,0 ,0 ,0 ,0 ,0 ,0 ,0 ,0 ,0 ,0 ,0 ,0 ,0 ,0 ,0 ,0 ,0 ,0 ,0 ,0 ,0 ,0 ,0 ,1 ,