total node was: 287
total edge was: 2415
0.334773519164
0.337421602787
0.334216027875
0.335400696864
0.341742160279
0.34362369338
0.334076655052
0.341324041812
0.347944250871
0.344390243902
0.343554006969
0.34425087108
0.346132404181
0.351358885017
0.345714285714
0.347804878049
0.351010452962
0.350383275261
0.347386759582
0.349268292683
Seednode was: node_0, node_1, node_64, node_2, node_4, node_16, node_256, node_8, node_128, node_32, node_258, node_12, node_260, node_257, node_33, node_10, node_130, node_48, node_192, node_80, node_68, 
 Histogram: 0 ,48 ,29 ,24 ,26 ,19 ,6 ,4 ,0 ,2 ,2 ,2 ,4 ,9 ,7 ,5 ,10 ,14 ,7 ,8 ,8 ,4 ,2 ,1 ,0 ,0 ,0 ,0 ,0 ,0 ,0 ,0 ,0 ,0 ,0 ,0 ,0 ,0 ,0 ,0 ,0 ,1 ,0 ,0 ,2 ,1 ,3 ,0 ,3 ,4 ,7 ,2 ,3 ,2 ,2 ,3 ,1 ,1 ,1 ,0 ,0 ,0 ,0 ,0 ,0 ,0 ,0 ,0 ,0 ,0 ,0 ,0 ,0 ,0 ,0 ,0 ,0 ,0 ,0 ,0 ,0 ,0 ,0 ,0 ,0 ,0 ,0 ,0 ,0 ,0 ,0 ,0 ,0 ,0 ,0 ,0 ,0 ,0 ,0 ,0 ,0 ,0 ,2 ,0 ,0 ,0 ,0 ,0 ,0 ,0 ,0 ,1 ,1 ,1 ,1 ,1 ,1 ,0 ,0 ,0 ,0 ,0 ,0 ,0 ,1 ,0 ,0 ,0 ,0 ,0 ,0 ,0 ,0 ,0 ,0 ,0 ,0 ,0 ,0 ,0 ,0 ,0 ,0 ,0 ,0 ,0 ,0 ,0 ,0 ,0 ,0 ,0 ,0 ,0 ,0 ,0 ,0 ,0 ,0 ,0 ,0 ,0 ,0 ,0 ,0 ,0 ,0 ,0 ,0 ,0 ,0 ,0 ,0 ,0 ,0 ,0 ,0 ,0 ,0 ,0 ,0 ,0 ,0 ,0 ,0 ,1 ,