total node was: 75total edge was: 3070.0634666666667
0.110933333333
0.149866666667
0.156266666667
0.193066666667
0.212266666667
0.2232
0.233333333333
0.261066666667
0.2592
0.285066666667
0.281866666667
0.2896
0.313866666667
0.329066666667
0.3448
0.354133333333
0.3576
0.366933333333
0.381333333333
Seednode was: node_1, node_3, node_4, node_6, node_8, node_9, node_11, node_12, node_13, node_18, node_19, node_21, node_22, node_10, node_20, node_17, node_5, node_7, node_16, node_2, node_0, Histogram: 0 ,14 ,11 ,7 ,8 ,4 ,2 ,0 ,0 ,3 ,6 ,3 ,4 ,0 ,2 ,1 ,1 ,1 ,0 ,0 ,0 ,0 ,0 ,0 ,0 ,2 ,1 ,1 ,1 ,0 ,0 ,0 ,1 ,0 ,1 ,0 ,0 ,0 ,0 ,0 ,0 ,0 ,0 ,0 ,0 ,0 ,0 ,0 ,0 ,0 ,0 ,0 ,1 ,