total node was: 75
total edge was: 307
0.0381333333333
0.0778666666667
0.100533333333
0.130666666667
0.166666666667
0.178933333333
0.174666666667
0.1912
0.225066666667
0.237333333333
0.246933333333
0.2832
0.280266666667
0.308
0.322666666667
0.338133333333
0.348266666667
0.3648
0.375733333333
0.389866666667
Seednode was: node_10, node_80, node_41, node_32, node_34, node_112, node_105, node_45, node_12, node_113, node_82, node_73, node_48, node_44, node_17, node_90, node_109, node_11, node_23, node_33, node_84, Histogram: 0 ,14 ,11 ,7 ,8 ,4 ,2 ,0 ,0 ,3 ,6 ,3 ,4 ,0 ,2 ,1 ,1 ,1 ,0 ,0 ,0 ,0 ,0 ,0 ,0 ,2 ,1 ,1 ,1 ,0 ,0 ,0 ,1 ,0 ,1 ,0 ,0 ,0 ,0 ,0 ,0 ,0 ,0 ,0 ,0 ,0 ,0 ,0 ,0 ,0 ,0 ,0 ,1 ,