total node was: 75
total edge was: 307
0.0832
0.114133333333
0.157066666667
0.175733333333
0.190933333333
0.212
0.232533333333
0.2488
0.249066666667
0.2688
0.271466666667
0.287733333333
0.310933333333
0.306133333333
0.320266666667
0.3408
0.344533333333
0.359733333333
0.3648
0.370933333333
Seednode was: node_0, node_64, node_4, node_2, node_8, node_1, node_32, node_16, node_18, node_5, node_40, node_65, node_48, node_80, node_66, node_6, node_3, node_36, node_34, node_20, node_96, 
 Histogram: 0 ,14 ,11 ,7 ,8 ,4 ,2 ,0 ,0 ,3 ,6 ,3 ,4 ,0 ,2 ,1 ,1 ,1 ,0 ,0 ,0 ,0 ,0 ,0 ,0 ,2 ,1 ,1 ,1 ,0 ,0 ,0 ,1 ,0 ,1 ,0 ,0 ,0 ,0 ,0 ,0 ,0 ,0 ,0 ,0 ,0 ,0 ,0 ,0 ,0 ,0 ,0 ,1 ,