total node was: 75 
total edge was: 307 
0.0224
0.0413333333333
0.0696
0.100266666667
0.102933333333
0.139466666667
0.148533333333
0.1704
0.201333333333
0.200266666667
0.239466666667
0.261066666667
0.279733333333
0.292533333333
0.3152
0.336
0.3496
0.375466666667
0.377333333333
0.3904
Seednode was: node_26, node_109, node_21, node_96, node_76, node_112, node_22, node_73, node_17, node_84, node_54, node_4, node_44, node_66, node_56, node_16, node_72, node_68, node_64, node_23, node_68, Histogram: 0 ,14 ,11 ,7 ,8 ,4 ,2 ,0 ,0 ,3 ,6 ,3 ,4 ,0 ,2 ,1 ,1 ,1 ,0 ,0 ,0 ,0 ,0 ,0 ,0 ,2 ,1 ,1 ,1 ,0 ,0 ,0 ,1 ,0 ,1 ,0 ,0 ,0 ,0 ,0 ,0 ,0 ,0 ,0 ,0 ,0 ,0 ,0 ,0 ,0 ,0 ,0 ,1 ,