total node was: 75 
total edge was: 307 
0.0261333333333
0.0448
0.0874666666667
0.0853333333333
0.1032
0.118933333333
0.16
0.165866666667
0.1736
0.169066666667
0.1776
0.180266666667
0.182933333333
0.185866666667
0.186133333333
0.1864
0.186666666667
0.186666666667
0.186666666667
0.186666666667
Seednode was: node_13, node_41, node_80, node_30, node_23, node_44, node_2, node_73, node_17, node_41, node_109, node_19, node_51, node_22, node_41, node_40, node_28, node_52, node_100, node_104, node_41, Histogram: 0 ,14 ,11 ,7 ,8 ,4 ,2 ,0 ,0 ,3 ,6 ,3 ,4 ,0 ,2 ,1 ,1 ,1 ,0 ,0 ,0 ,0 ,0 ,0 ,0 ,2 ,1 ,1 ,1 ,0 ,0 ,0 ,1 ,0 ,1 ,0 ,0 ,0 ,0 ,0 ,0 ,0 ,0 ,0 ,0 ,0 ,0 ,0 ,0 ,0 ,0 ,0 ,1 ,