total node was: 287total edge was: 24150.122369337979
0.333379790941
0.342299651568
0.336445993031
0.341602787456
0.334285714286
0.346759581882
0.342857142857
0.353379790941
0.342648083624
0.349895470383
0.341742160279
0.353658536585
0.353101045296
0.358885017422
0.35212543554
0.359094076655
0.358606271777
0.362578397213
0.367526132404
Seednode was: node_7, node_11, node_15, node_19, node_20, node_12, node_2, node_5, node_10, node_16, node_8, node_17, node_1, node_9, node_13, node_0, node_6, node_18, node_14, node_3, node_4, Histogram: 0 ,48 ,29 ,24 ,26 ,19 ,6 ,4 ,0 ,2 ,2 ,2 ,4 ,9 ,7 ,5 ,10 ,14 ,7 ,8 ,8 ,4 ,2 ,1 ,0 ,0 ,0 ,0 ,0 ,0 ,0 ,0 ,0 ,0 ,0 ,0 ,0 ,0 ,0 ,0 ,0 ,1 ,0 ,0 ,2 ,1 ,3 ,0 ,3 ,4 ,7 ,2 ,3 ,2 ,2 ,3 ,1 ,1 ,1 ,0 ,0 ,0 ,0 ,0 ,0 ,0 ,0 ,0 ,0 ,0 ,0 ,0 ,0 ,0 ,0 ,0 ,0 ,0 ,0 ,0 ,0 ,0 ,0 ,0 ,0 ,0 ,0 ,0 ,0 ,0 ,0 ,0 ,0 ,0 ,0 ,0 ,0 ,0 ,0 ,0 ,0 ,0 ,2 ,0 ,0 ,0 ,0 ,0 ,0 ,0 ,0 ,1 ,1 ,1 ,1 ,1 ,1 ,0 ,0 ,0 ,0 ,0 ,0 ,0 ,1 ,0 ,0 ,0 ,0 ,0 ,0 ,0 ,0 ,0 ,0 ,0 ,0 ,0 ,0 ,0 ,0 ,0 ,0 ,0 ,0 ,0 ,0 ,0 ,0 ,0 ,0 ,0 ,0 ,0 ,0 ,0 ,0 ,0 ,0 ,0 ,0 ,0 ,0 ,0 ,0 ,0 ,0 ,0 ,0 ,0 ,0 ,0 ,0 ,0 ,0 ,0 ,0 ,0 ,0 ,0 ,0 ,0 ,0 ,0 ,0 ,1 ,