total node was: 287 
total edge was: 2415 
0.00369337979094
0.0324738675958
0.218954703833
0.212334494774
0.336724738676
0.335609756098
0.352822299652
0.351219512195
0.363554006969
0.366829268293
0.362996515679
0.363344947735
0.37212543554
0.372682926829
0.37512195122
0.373101045296
0.374285714286
0.379790940767
0.387456445993
0.381045296167
Seednode was: node_299, node_181, node_292, node_284, node_258, node_216, node_129, node_34, node_175, node_369, node_194, node_385, node_193, node_196, node_53, node_261, node_130, node_269, node_0, node_198, node_18, Histogram: 0 ,48 ,29 ,24 ,26 ,19 ,6 ,4 ,0 ,2 ,2 ,2 ,4 ,9 ,7 ,5 ,10 ,14 ,7 ,8 ,8 ,4 ,2 ,1 ,0 ,0 ,0 ,0 ,0 ,0 ,0 ,0 ,0 ,0 ,0 ,0 ,0 ,0 ,0 ,0 ,0 ,1 ,0 ,0 ,2 ,1 ,3 ,0 ,3 ,4 ,7 ,2 ,3 ,2 ,2 ,3 ,1 ,1 ,1 ,0 ,0 ,0 ,0 ,0 ,0 ,0 ,0 ,0 ,0 ,0 ,0 ,0 ,0 ,0 ,0 ,0 ,0 ,0 ,0 ,0 ,0 ,0 ,0 ,0 ,0 ,0 ,0 ,0 ,0 ,0 ,0 ,0 ,0 ,0 ,0 ,0 ,0 ,0 ,0 ,0 ,0 ,0 ,2 ,0 ,0 ,0 ,0 ,0 ,0 ,0 ,0 ,1 ,1 ,1 ,1 ,1 ,1 ,0 ,0 ,0 ,0 ,0 ,0 ,0 ,1 ,0 ,0 ,0 ,0 ,0 ,0 ,0 ,0 ,0 ,0 ,0 ,0 ,0 ,0 ,0 ,0 ,0 ,0 ,0 ,0 ,0 ,0 ,0 ,0 ,0 ,0 ,0 ,0 ,0 ,0 ,0 ,0 ,0 ,0 ,0 ,0 ,0 ,0 ,0 ,0 ,0 ,0 ,0 ,0 ,0 ,0 ,0 ,0 ,0 ,0 ,0 ,0 ,0 ,0 ,0 ,0 ,0 ,0 ,0 ,0 ,1 ,