total node was: 75total edge was: 307
0.0613333333333
0.111733333333
0.137333333333
0.149333333333
0.168533333333
0.175466666667
0.178666666667
0.184266666667
0.185066666667
0.1864
0.1864
0.186666666667
0.186666666667
0.186666666667
0.186666666667
0.186666666667
0.186666666667
0.186666666667
0.186666666667
0.186666666667
Seednode was: node_5, node_6, node_7, node_10, node_11, node_12, node_13, node_16, node_17, node_19, node_20, node_2, node_8, node_9, node_21, node_1, node_4, node_22, node_3, node_18, node_0, Histogram: 0 ,14 ,11 ,7 ,8 ,4 ,2 ,0 ,0 ,3 ,6 ,3 ,4 ,0 ,2 ,1 ,1 ,1 ,0 ,0 ,0 ,0 ,0 ,0 ,0 ,2 ,1 ,1 ,1 ,0 ,0 ,0 ,1 ,0 ,1 ,0 ,0 ,0 ,0 ,0 ,0 ,0 ,0 ,0 ,0 ,0 ,0 ,0 ,0 ,0 ,0 ,0 ,1 ,