total node was: 75total edge was: 307
0.0133333333333
0.0357333333333
0.0557333333333
0.0944
0.102933333333
0.120266666667
0.130666666667
0.141066666667
0.154133333333
0.162666666667
0.1744
0.182133333333
0.183733333333
0.186666666667
0.186666666667
0.186666666667
0.186666666667
0.186666666667
0.186666666667
0.186666666667
Seednode was: node_113, node_37, node_98, node_72, node_92, node_109, node_105, node_112, node_97, node_81, node_100, node_104, node_99, node_96, node_90, node_84, node_82, node_80, node_76, node_74, node_73, Histogram: 0 ,14 ,11 ,7 ,8 ,4 ,2 ,0 ,0 ,3 ,6 ,3 ,4 ,0 ,2 ,1 ,1 ,1 ,0 ,0 ,0 ,0 ,0 ,0 ,0 ,2 ,1 ,1 ,1 ,0 ,0 ,0 ,1 ,0 ,1 ,0 ,0 ,0 ,0 ,0 ,0 ,0 ,0 ,0 ,0 ,0 ,0 ,0 ,0 ,0 ,0 ,0 ,1 ,