total node was: 75
total edge was: 307
0.0893333333333
0.118133333333
0.140533333333
0.1776
0.198666666667
0.209333333333
0.233066666667
0.234933333333
0.2456
0.270666666667
0.271733333333
0.313866666667
0.306933333333
0.3048
0.321866666667
0.3384
0.346133333333
0.360533333333
0.361066666667
0.369333333333
Seednode was: node_0, node_64, node_4, node_2, node_8, node_1, node_32, node_16, node_18, node_5, node_40, node_65, node_48, node_80, node_66, node_6, node_3, node_36, node_34, node_20, node_96, 
 Histogram: 0 ,14 ,11 ,7 ,8 ,4 ,2 ,0 ,0 ,3 ,6 ,3 ,4 ,0 ,2 ,1 ,1 ,1 ,0 ,0 ,0 ,0 ,0 ,0 ,0 ,2 ,1 ,1 ,1 ,0 ,0 ,0 ,1 ,0 ,1 ,0 ,0 ,0 ,0 ,0 ,0 ,0 ,0 ,0 ,0 ,0 ,0 ,0 ,0 ,0 ,0 ,0 ,1 ,