11111111111011001111101010100000111110101110000011111010110000001110110011101000110000000000000010000000100000001100000000000000
11111110111000001110110000100000110100001010100010000000000000001100100000000000000000000000000001000000000000000000000000000000
11111110111010001110000010100000111101000000000000000000000000001110101010001000100000000000000000000000000000000000000000000000
11111110000100001001000000000000000000000000000001000000000000001010000000000000000000000000000000000000000000000000000000000000
11111110110011001010100000001000101011001000100010001000000000001000101011001000100010000000100000000000100000000000000000000000
11111100100001001100000000010000110000000100000000000000000000001100000010000000000000000000000000000000000000000000000000000000
11111011001000001000000000000010000000001000000000000000000000001000000000000000000000000000000000000000100000000000000000000000
10000011000000000000000000000000000000000000000000000000000000000000000000000000000000000000000000000000000000000000000000000000
11101100111010001010100010000000111110101000100000000000100000001010000011000000100000000000000010000000000000000000000000000000
11101000110000001000000000010000100000000000000000000000000000000100010000000000000000000000000000000000000000000000000000000000
11100010101000000010000010100000100000001000000000000000000000000000000000000000000000000000000000000000000000000000000000000000
00010000000100000000000000000000000000000000000000000000000000000000000000000000000000000000000000000000000000000000000000000000
10101000100010000010000000000000100000000000000001000000000000001010000000000000000000000000000000000000000000000000000000000000
10001100000001000000000100000000100000000000000000000000000000000000000000000000000000000000000000000000000000000000000000000000
00000000000000100000000000000000000000000000000000000000000000000000000000000000000000000000000000000000000000000000000000000000
00000000000000010000000000000000000000000000000000000000000000000000000000000000000000000000000000000000000000000000000000000000
11111110110000001110100010001000110000000000000011000000000000001100000010000000111000000000000010000000000000000000000000000000
11100100000000001100001000000000000010000000000010000000000000001000000000000000000000000000000000000000000000000000000000000000
11101000101010001011100010100000110000000000000010000000000000001000000000000000100000000000000000000000000000000000000000000000
10010000000000000011000000001000000010000000000000000000000000001000000000000000000000000000000000000000000000000000000000000000
11001000100000001010101000000000000000000000000000000000100000001000000000000000110000000000000000000000000000000000000000000000
01000000000000000000010000000000100000000000000000000000000000000000000000000000000000000000000000000000000000000000000000000000
10000000000000000100101000000000000000000000000010000000000000000000000000000000000000000000000000000000000000000000000000000000
00000000000001000000000100000000000000000000000000000000000000000000000000000000000000000000000000000000000000000000000000000000
10100000101000001010000010000000101010000000000010000000000000000000000000000000000000000000000000000000000000000000000000000000
00000000000000000000000001000000000000000000000000000000000000000000000000000000000000000000000000000000000000000000000000000000
11100000001000000010000000100000000000000000000000000000000000000000000000000000000000000000000000000000000000000000000000000000
00000100010000000000000000010000000000000000000000000000000000000000000000000000000000000000000000000000000000000000000000000000
00001000000000001001000000001000000000000000000000000100000000000000000000000000000000000000000000000000000000000000000000000000
00000000000000000000000000000100000000000000000000000000000000000000000000000000000000000000000000000000000000000000000000000000
00000010000000000000000000000010000000000000000000000000000000000000000000000000000000000000000000000000000000000000000000000000
00000000000000000000000000000001000000000000000000000000000000000000000000000000000000000000000000000000000000000000000000000000
11101100111011001010010010000000111110101000010010000000000000001010000000000000000000000000000000100000000000000000000000000000
11100100100000001010000000000000110000001000000000000000000000001000000000000000000000000000000000000000000000000000000000000000
10101000100000000000000010000000101000000000000010000000000000001010000000000000000000000000000010001000000000000000000000000000
11100000100000000000000000000000100100000000000000000000000000000100000000000000000000000000000000000000000000000000000000000000
10001000100000000101000010000000100010000000000000001000000000001000000000000000000000000000000000001000010000000000000000000000
00101000000000000000000000000000000001000000000000000000000000000100000000000000000000000000000000000000000000000000000000000000
10000000100000000000000000000000100000100000000000000000000000000000000000000000000000000000000000000000000000000000000000000000
00000000000000000000000000000000000000010000000000000000000000000000000000000000000000000000000000000000000000000000000000000000
11001010101000000000000000000000110000001100100000000000100000001000000010000000000000000000000000000000100001000000000000000000
10000100000000000000000000000000000000001100000000000000000000001000000000000000000000000000000000000000000000000000000000000000
11000000000000000000000000000000000000000010000000000000000000000000000000000000000000000000000000000000000000000000000000000000
00000000000000000000000000000000000000000001000000000000000000000000000000000000000000000000000000000000000000000000000000000000
01001000100000000000000000000000000000001000100000000000000000000000000000000000000000000000000000000000000000000000000000000000
00000000000000000000000000000000100000000000010000000000000000000000000000000000000000000000000000000000000000000000000000000000
00000000000000000000000000000000000000000000001000000000000000000000000000000000000000000000000000000000000000000000000000000000
00000000000000000000000000000000000000000000000100000000000000000000000000000000000000000000000000000000000000000000000000000000
11001000000000001110001010000000101000000000000010000000100000001000000000000000100000000000000010000000000000000000000000000000
10010000000010001000000000000000000000000000000001000000000000000000000000000000000000000000000000000000000000000000000000000000
10000000000000000000000000000000000000000000000000100000000000000000000000000000100000000000000000000000000000000000000000000000
10000000000000000000000000000000000000000000000000010000000000000000000000000000000000000000000000000000000000000000000000000000
10001000000000000000000000000000000010000000000000001010000000000000000000000000000000000000000000000000000000000000000000000000
00000000000000000000000000001000000000000000000000000100000000000000000000000000000000000000000000000000000000000000000000000000
10000000000000000000000000000000000000000000000000001010000000000000000000000000000000000000000000000000000000000000000000000000
00000000000000000000000000000000000000000000000000000001000000000000000000000000000000000000000000000000000000000000000000000000
10000000100000000000100000000000000000001000000010000000100000000000000000000000000000000000000000000000000000000000000000000000
10000000000000000000000000000000000000000000000000000000010000000000000000000000000000000000000000000000000000000000000000000000
00000000000000000000000000000000000000000000000000000000001000000000000000000000000000000000000000000000000000000000000000000000
00000000000000000000000000000000000000000000000000000000000100000000000000000000000000000000000000000000000000000000000000000000
00000000000000000000000000000000000000000000000000000000000010000000000000000000000000000000000000000000000000000000000000000000
00000000000000000000000000000000000000000000000000000000000001000000000000000000000000000000000000000000000000000000000000000000
00000000000000000000000000000000000000000000000000000000000000100000000000000000000000000000000000000000000000000000000000000000
00000000000000000000000000000000000000000000000000000000000000010000000000000000000000000000000000000000000000000000000000000000
11111110100010001111100000000000111010001100000010000000000000001111110010100000101000000010000010000000100000001000000000000000
11100100010000001000000000000000000101000000000000000000000000001100100011100000000000000000000001000000000000000000000000000000
10110000100010000000000000000000101000000000000000000000000000001010000000000000100000000000000010110000000000000000000000000000
00000000000000000000000000000000000000000000000000000000000000001001100000000000000000000000000000000000000000000000000000000000
11101000000000000000000000000000000000000000000000000000000000001101100010001000000000000000000000000000000000000000000000000000
10000000010000000000000000000000000000000000000000000000000000001000010000000000000000000000000000000000000000000000000000000000
00101000000000000000000000000000000000000000000000000000000000000000001000000000000000000000000000000000000000000000000000000000
00000000000000000000000000000000000000000000000000000000000000000000000100000000000000000000000000000000000000000000000000000000
10101100100000001000000000000000000000001000000000000000000000001100100010000000000000000000000000000000000000000000000000000000
10001000100000000000000000000000000000000000000000000000000000000100000001000000000000000000000000000000000000000000000000000000
10000000000000000000000000000000000000000000000000000000000000001100000000100000000000000000000000000000000000000000000000000000
00000000000000000000000000000000000000000000000000000000000000000000000000010000000000000000000000000000000000000000000000000000
10101000000000000000000000000000000000000000000000000000000000000000100000001000000000000000000000000000000000000000000000000000
00000000000000000000000000000000000000000000000000000000000000000000000000000100000000000000000000000000000000000000000000000000
00000000000000000000000000000000000000000000000000000000000000000000000000000010000000000000000000000000000000000000000000000000
00000000000000000000000000000000000000000000000000000000000000000000000000000001000000000000000000000000000000000000000000000000
10101000100000001010100000000000000000000000000010100000000000001010000000000000100000000000000010000000000000000000000000000000
10000000000000001000100000000000000000000000000000000000000000000000000000000000010000000000000000000000000000000000000000000000
00000000000000001000000000000000000000000000000000000000000000001000000000000000001000000000000000000000000000000000000000000000
00000000000000000000000000000000000000000000000000000000000000000000000000000000000100000000000000000000000000000000000000000000
00001000000000000000000000000000000000000000000000000000000000000000000000000000000010000000000000000000000000000000000000000000
00000000000000000000000000000000000000000000000000000000000000000000000000000000000001000000000000000000000000000000000000000000
00000000000000000000000000000000000000000000000000000000000000000000000000000000000000100000000000000000000000000000000000000000
00000000000000000000000000000000000000000000000000000000000000000000000000000000000000010000000000000000000000000000000000000000
00000000000000000000000000000000000000000000000000000000000000000000000000000000000000001000000000000000000000000000000000000000
00000000000000000000000000000000000000000000000000000000000000000000000000000000000000000100000000000000000000000000000000000000
00000000000000000000000000000000000000000000000000000000000000001000000000000000000000000010000000000000000000000000000000000000
00000000000000000000000000000000000000000000000000000000000000000000000000000000000000000001000000000000000000000000000000000000
00001000000000000000000000000000000000000000000000000000000000000000000000000000000000000000100000000000000000000000000000000000
00000000000000000000000000000000000000000000000000000000000000000000000000000000000000000000010000000000000000000000000000000000
00000000000000000000000000000000000000000000000000000000000000000000000000000000000000000000001000000000000000000000000000000000
00000000000000000000000000000000000000000000000000000000000000000000000000000000000000000000000100000000000000000000000000000000
10000000100000001000000000000000001000000000000010000000000000001010000000000000100000000000000010100000000000001000000000000000
01000000000000000000000000000000000000000000000000000000000000000100000000000000000000000000000001000000000000000000000000000000
00000000000000000000000000000000100000000000000000000000000000000010000000000000000000000000000010100000000000000000000000000000
00000000000000000000000000000000000000000000000000000000000000000010000000000000000000000000000000010000000000000000000000000000
00000000000000000000000000000000001010000000000000000000000000000000000000000000000000000000000000001000000000000000000000000000
00000000000000000000000000000000000000000000000000000000000000000000000000000000000000000000000000000100000000000000000000000000
00000000000000000000000000000000000000000000000000000000000000000000000000000000000000000000000000000010000000000000000000000000
00000000000000000000000000000000000000000000000000000000000000000000000000000000000000000000000000000001000000000000000000000000
10001010000000000000000000000000000000001000000000000000000000001000000000000000000000000000000000000000100000000000000000000000
00000000000000000000000000000000000010000000000000000000000000000000000000000000000000000000000000000000010000000000000000000000
00000000000000000000000000000000000000000000000000000000000000000000000000000000000000000000000000000000001000000000000000000000
00000000000000000000000000000000000000000000000000000000000000000000000000000000000000000000000000000000000100000000000000000000
00000000000000000000000000000000000000000000000000000000000000000000000000000000000000000000000000000000000010000000000000000000
00000000000000000000000000000000000000001000000000000000000000000000000000000000000000000000000000000000000001000000000000000000
00000000000000000000000000000000000000000000000000000000000000000000000000000000000000000000000000000000000000100000000000000000
00000000000000000000000000000000000000000000000000000000000000000000000000000000000000000000000000000000000000010000000000000000
10000000000000000000000000000000000000000000000000000000000000001000000000000000000000000000000010000000000000001000000000000000
10000000000000000000000000000000000000000000000000000000000000000000000000000000000000000000000000000000000000000100000000000000
00000000000000000000000000000000000000000000000000000000000000000000000000000000000000000000000000000000000000000010000000000000
00000000000000000000000000000000000000000000000000000000000000000000000000000000000000000000000000000000000000000001000000000000
00000000000000000000000000000000000000000000000000000000000000000000000000000000000000000000000000000000000000000000100000000000
00000000000000000000000000000000000000000000000000000000000000000000000000000000000000000000000000000000000000000000010000000000
00000000000000000000000000000000000000000000000000000000000000000000000000000000000000000000000000000000000000000000001000000000
00000000000000000000000000000000000000000000000000000000000000000000000000000000000000000000000000000000000000000000000100000000
00000000000000000000000000000000000000000000000000000000000000000000000000000000000000000000000000000000000000000000000010000000
00000000000000000000000000000000000000000000000000000000000000000000000000000000000000000000000000000000000000000000000001000000
00000000000000000000000000000000000000000000000000000000000000000000000000000000000000000000000000000000000000000000000000100000
00000000000000000000000000000000000000000000000000000000000000000000000000000000000000000000000000000000000000000000000000010000
00000000000000000000000000000000000000000000000000000000000000000000000000000000000000000000000000000000000000000000000000001000
00000000000000000000000000000000000000000000000000000000000000000000000000000000000000000000000000000000000000000000000000000100
00000000000000000000000000000000000000000000000000000000000000000000000000000000000000000000000000000000000000000000000000000010
00000000000000000000000000000000000000000000000000000000000000000000000000000000000000000000000000000000000000000000000000000001
